['B1', 'B2', 'B3', 'Bend', 'C1', 'C2', 'C3', 'Cend', 'H1', 'H2', 'H3', 'Hend']
{'B1': {'B1': (0.625, 0.7),
        'B2': (0.375, 0.3),
        'B3': (0.0, 0.0),
        'Bend': (0.0, 0.0)},
 'B2': {'B1': (0.0, 0.0),
        'B2': (0.625, 0.05),
        'B3': (0.375, 0.95),
        'Bend': (0.0, 0.0)},
 'B3': {'B1': (0.0, 0.0),
        'B2': (0.0, 0.0),
        'B3': (0.625, 0.727),
        'Bend': (0.125, 0.091),
        'C1': (0.125, 0.091),
        'H1': (0.125, 0.091)},
 'Bend': {'B1': (0.0, 0.0),
          'B2': (0.0, 0.0),
          'B3': (0.0, 0.0),
          'Bend': (1.0, 1.0)},
 'C1': {'C1': (0.667, 0.7),
        'C2': (0.333, 0.3),
        'C3': (0.0, 0.0),
        'Cend': (0.0, 0.0)},
 'C2': {'C1': (0.0, 0.0),
        'C2': (0.0, 0.625),
        'C3': (1.0, 0.375),
        'Cend': (0.0, 0.0)},
 'C3': {'B1': (0.067, 0.125),
        'C1': (0.0, 0.0),
        'C2': (0.0, 0.0),
        'C3': (0.8, 0.625),
        'Cend': (0.067, 0.125),
        'H1': (0.067, 0.125)},
 'Cend': {'C1': (0.0, 0.0),
          'C2': (0.0, 0.0),
          'C3': (0.0, 0.0),
          'Cend': (1.0, 1.0)},
 'H1': {'H1': (0.667, 0.7),
        'H2': (0.333, 0.3),
        'H3': (0.0, 0.0),
        'Hend': (0.0, 0.0)},
 'H2': {'H1': (0.0, 0.0),
        'H2': (0.857, 0.842),
        'H3': (0.143, 0.158),
        'Hend': (0.0, 0.0)},
 'H3': {'B1': (0.063, 0.059),
        'C1': (0.063, 0.059),
        'H1': (0.0, 0.0),
        'H2': (0.0, 0.0),
        'H3': (0.812, 0.824),
        'Hend': (0.063, 0.059)},
 'Hend': {'H1': (0.0, 0.0),
          'H2': (0.0, 0.0),
          'H3': (0.0, 0.0),
          'Hend': (1.0, 1.0)}}


 [[7.28457393e-04 0.00000000e+00 0.00000000e+00 0.00000000e+00 0.00000000e+00 0.00000000e+00 0.00000000e+00]
 [0.00000000e+00 2.59689885e-23 2.13450863e-28 4.97799680e-32 2.30872407e-37 1.16770024e-47 8.57749186e-61]
 [0.00000000e+00 0.00000000e+00 6.77728203e-29 5.40580774e-33 9.29616573e-36 7.87141020e-39 9.92948513e-42]
 [0.00000000e+00 0.00000000e+00 0.00000000e+00 0.00000000e+00 0.00000000e+00 0.00000000e+00 0.00000000e+00]
 [3.62487207e-08 5.28322015e-16 1.95898328e-24 7.35868607e-35 8.57626721e-44 7.75364395e-46 2.13956596e-48]
 [0.00000000e+00 4.05671023e-54 8.98012692e-58 8.12717131e-74 3.50451105e-75 1.12490663e-77 6.12115529e-76]
 [0.00000000e+00 0.00000000e+00 7.34475185e-62 9.14163273e-65 1.22940425e-70 1.19274570e-75 2.67789810e-80]
 [0.00000000e+00 0.00000000e+00 0.00000000e+00 0.00000000e+00 0.00000000e+00 0.00000000e+00 0.00000000e+00]
 [2.01075972e-12 2.83985272e-22 2.04377476e-30 1.74468718e-39 4.45476851e-42 9.40561102e-44 3.19245360e-46]
 [0.00000000e+00 3.79703883e-26 1.41870978e-33 4.93489690e-41 6.52608218e-49 2.03550288e-50 1.32929045e-51]
 [0.00000000e+00 0.00000000e+00 2.72100532e-31 4.23778192e-34 4.97029491e-37 3.62560441e-40 1.69054933e-43]
 [0.00000000e+00 0.00000000e+00 0.00000000e+00 0.00000000e+00 0.00000000e+00 0.00000000e+00 0.00000000e+00]]